####### MMI ####### 
 0.5973856209150327
0.6240896358543417
0.6545284780578898
0.6782446311858076
0.7021475256769375
0.7329598506069095
0.7570494864612511
0.7779645191409897
0.7889822595704948
0.8065359477124184
0.8123249299719889
0.8257703081232494
0.8302521008403362
0.8382819794584501
0.850233426704015
0.8593837535014006
0.861624649859944
0.8683473389355743
0.8812324929971989
0.8866479925303454
0.8864612511671335
0.888141923436041
0.8907563025210083
0.8926237161531279
0.8948646125116713
0.9034547152194211
0.904014939309057
0.9070028011204482
0.9092436974789916
0.9118580765639589
0.915219421101774
0.9172735760971055
0.9185807656395891
0.9197012138188608
0.9251167133520074
0.9230625583566759
0.9239962651727357
0.9271708683473389
0.9279178338001867
0.9282913165266106
0.9279178338001867
0.9279178338001867
0.9307189542483659
0.9318394024276376
0.934080298786181
0.9370681605975723
0.9387488328664798
0.9391223155929037
0.9398692810457515
0.9434173669467786
####### MindReading ####### 
 0.4370174277520406
0.4341495698213104
0.4639311714096625
0.4811383189940437
0.5089344804765056
0.514890800794176
0.5347452018530775
0.5362894330465475
0.5464372380322082
0.5470990514008384
0.5530553717185087
0.5596735054048091
0.5616589455106994
0.5621001544231193
0.57136554158394
0.5797485109199205
0.5713655415839399
0.5810721376571807
0.5843812045003309
0.5821751599382308
0.5945290094859916
0.6033531877343923
0.6093095080520626
0.6123979704390029
0.6192367085815134
0.6205603353187734
0.6176924773880432
0.6190161041253033
0.6247518199867637
0.6234281932495036
0.6300463269358041
0.6322523714979043
0.6406353408338848
0.6397529230090448
0.6406353408338848
0.6410765497463048
0.6450474299580851
0.6501213324509155
0.6538716082064857
0.6507831458195455
0.6593867196117361
0.657180675049636
0.6551952349437459
0.6556364438561658
0.6622545775424663
0.6593867196117361
0.6671078755790868
0.6721817780719171
0.671078755790867
0.6750496360026473
